0 11 16 10 0 0 16 0 0 0 13 0 20 3 10
0 0 1 0 0 0 6 13 0 0 6 16 16 2 0
18 0 0 13 11 0 14 20 9 18 0 17 12 8 12
0 8 0 0 13 0 0 1 19 2 0 0 0 0 0
0 0 0 0 0 11 7 19 8 0 6 14 0 17 0
0 8 0 0 0 0 2 0 0 0 0 7 1 17 0
7 0 17 0 0 0 0 14 2 3 0 0 0 17 7
13 7 0 13 0 0 0 0 13 0 0 0 12 18 0
17 12 0 0 0 0 2 0 0 4 0 11 3 0 0
13 8 0 6 0 19 0 0 13 0 6 0 8 0 1
0 5 4 5 0 0 0 14 0 0 0 6 2 0 3
17 10 0 0 19 0 9 0 4 5 0 0 6 0 0
0 0 0 4 0 0 13 0 0 0 0 2 0 9 0
18 0 6 0 14 0 0 0 0 16 1 0 7 0 5
13 0 0 16 17 0 0 0 0 0 19 0 0 9 0
